
Tree_Original
[[2818 1445 1018 1604  854 1253]
 [ 614 1772 1387 1006  766 1025]
 [1473 2005 2577 1403 1072 1982]
 [1432 1215 1274 1652 1253 1295]
 [1865 2239 1823 2563 4952 1948]
 [1771 1466 2045 1816 1051 2668]]
Precision: 0.2666813811603335
Recall: 0.2727341327794466
Accuracy: 0.2721598622562167

Tree_Translated
[[2469 1479  883 1616  883 1251]
 [1642 1454 1483 1366  863 1135]
 [1390 1587 2401 1539 1497 1694]
 [1298 1546 1622 1848 1705 1965]
 [1452 1918 1906 2216 3549 2141]
 [1722 2158 1829 1459 1451 1985]]
Precision: 0.22497300426006447
Recall: 0.2273333624305268
Accuracy: 0.22691301612529385

Tree_RotatedX
[[2722 1128 1001 1446  800 1253]
 [ 762 1707 1456 1199  890  913]
 [1266 1920 2454 1361  937 1881]
 [1439 1293 1388 1785 1375 1446]
 [2025 2448 1712 2491 4979 1941]
 [1759 1646 2113 1762  967 2737]]
Precision: 0.2658881499278953
Recall: 0.27182671826124716
Accuracy: 0.27124929638091455