RF-Original
[[4121  481 1498 1129 1644 1100]
 [ 688 1440 2966 1471 2115 1462]
 [ 793 1053 3882 1064 1669 1663]
 [1398 1071 1323 1249 3181 1822]
 [ 447  566  757  999 6518  661]
 [1082  665 1908 1060 2262 3194]]
Precision: 0.3245649584942609
Recall: 0.33870580005259227
Accuracy: 0.33780338399390747

RF-RotatedX
[[4002  519 1506 1005 1712 1229]
 [ 709 1622 3309 1498 2011  993]
 [ 668 1126 4166  930 1512 1722]
 [1471  846 1576 1250 3207 1694]
 [ 383  590  722 1070 6456  727]
 [1229  657 2012 1056 2074 3143]]
Precision: 0.3305884153489275
Recall: 0.34252546871318335
Accuracy: 0.34169398364292575

RF-RotatedY
[[3982  423 1407 1279 1686 1196]
 [ 818 1437 3311 1390 2076 1110]
 [ 603 1075 3994  963 1872 1617]
 [1383  834 1586 1372 3216 1653]
 [ 504  520  728 1049 6572  575]
 [1109  652 2007 1113 2103 3187]]
Precision: 0.32985819468585853
Recall: 0.3410083837838198
Accuracy: 0.34012118804013114

RF-RotatedZ
[[3925  347 1427 1287 1742 1245]
 [ 683 1425 3247 1577 2056 1154]
 [ 671  918 4003  950 1833 1749]
 [1505  868 1277 1423 3191 1780]
 [ 496  610  731  926 6499  686]
 [1072  707 1819 1189 2000 3384]]
Precision: 0.3316037196866637
Recall: 0.34285815710915374
Accuracy: 0.34202509850667195

RF-Translated
[[6373  459  808  984  803  546]
 [ 388 5213 2456  714  934  437]
 [ 407 1991 5208  607  683 1228]
 [2195  961  954 2042 2559 1333]
 [ 398  732  668  782 6630  738]
 [1216  632 1563  761 1198 4801]]
0.4903698107018553
0.5015411870196005
0.5010926790503626