SVM_Original
[[5901  581  839 1644  275  733]
 [ 194 5147 3334 1150  169  148]
 [ 247 2561 5467  819  389  641]
 [1503 1291 1280 3756 1044 1170]
 [ 184  929 1022 1618 5524  671]
 [ 739 1107 2248 1575  741 3761]]
Precision: 0.5105646920547847
Recall: 0.4897023394440652
Accuracy: 0.48932154564418395

SVM_RotatedX
[[5918  582  864 1636  220  753]
 [ 256 5237 3334 1081  149   85]
 [ 220 2548 5555  816  338  647]
 [1550 1259 1344 3729 1044 1118]
 [ 168  985 1013 1617 5504  661]
 [ 782 1133 2192 1564  709 3791]]
Precision: 0.5142116904503083
Recall: 0.4926226301722059
Accuracy: 0.49226846793152546

SVM_RotatedY
[[5936  581  874 1635  223  724]
 [ 208 5351 3298 1080  148   57]
 [ 210 2539 5567  816  320  672]
 [1542 1267 1351 3774 1017 1093]
 [ 166 1001 1017 1612 5490  662]
 [ 782 1149 2174 1563  655 3848]]
Precision: 0.5192812962729685
Recall: 0.49644058005896946
Accuracy: 0.4961094003509818

SVM_RotatedZ
[[5936  578  887 1648  219  705]
 [ 195 5401 3270 1076  146   54]
 [ 207 2534 5574  816  318  675]
 [1539 1281 1348 3802  994 1080]
 [ 172 1000 1030 1603 5487  656]
 [ 738 1163 2165 1567  631 3907]]
Precision: 0.5225683827766489
Recall: 0.4987586454635675
Accuracy: 0.4984437601403927

SVM-Translated
[[6348  525  961 1517   87  535]
 [ 145 6755 2447  612   40  143]
 [ 218 2067 6395  548  195  701]
 [1470 1291 1112 4227  735 1209]
 [ 346 1013  847 1299 6006  437]
 [ 725  679 1978 1545  396 4848]]
0.5923344514536755
0.5725775226493118
0.5724810436740505