Tree-Original
[[2739  983 1652 1012 2270 1317]
 [ 993 1368 2329 1213 2268 1971]
 [1010 1327 2678 1320 1527 2262]
 [1622 1075 1828 1708 2274 1537]
 [ 874  735 1235 1105 5219  780]
 [1410 1104 2299 1191 1896 2271]]
Precision: 0.25583290678888254
Recall: 0.2653346401438024
Accuracy: 0.26461044336280254

Tree-X
[[3101  774 1650 1326 2032 1090]
 [1084 1465 2354 1262 2552 1425]
 [1332 1446 2745 1196 1369 2036]
 [1700 1207 1599 1685 2194 1659]
 [ 747 1041  953 1257 5207  743]
 [1352 1271 1957 1513 1744 2334]]
Precision: 0.2634613860969013
Recall: 0.2745309759721773
Accuracy: 0.27378232508857325

Tree-Y
[[2805  858 1476 1213 2026 1595]
 [ 957 1316 2310 1131 2227 2201]
 [1088 1374 2758 1379 1270 2255]
 [1417 1120 1494 1762 2398 1853]
 [ 803  850  965 1191 5005 1134]
 [1103 1240 1823 1493 1952 2560]]
Precision: 0.26091939917713275
Recall: 0.2689465218752048
Accuracy: 0.26830237409357305

Tree-Z
[[2718  935 1558 1293 2111 1358]
 [ 999 1407 2339 1070 2539 1788]
 [1155 1526 2707 1379 1166 2191]
 [1493 1199 1591 1857 2230 1674]
 [ 747  883 1070 1114 5203  931]
 [1160 1284 2487 1327 1576 2337]]
Precision: 0.26045140349081375
Recall: 0.2693879054183367
Accuracy: 0.2686831561868812

Tree-Translated
[[4702  493  867 1851  829 1231]
 [ 981 2793 2321 1150 1398 1499]
 [1168 1892 3258  951  914 1941]
 [1965  914 1235 2029 2178 1723]
 [ 816  792  779 1480 4957 1124]
 [1737  737 1930 1446 1158 3163]]
0.34185035379618073
0.34665941284046103
0.3460481441011887
